convert_to_one_hot用于将一个label数组转化成一个独热码形式的二维数组
C代表种类总数, y是label数组

例子：
假设 y: [0, 1, 3, 6, 6]或[[0, 1, 3, 6, 6]]或[[0], [1], [3], [6], [6]],  C = 7

convert_to_one_hot(y, C) =>
  [1, 0, 0, 0, 0, 0, 0]
  [0, 1, 0, 0, 0, 0, 0]
  [0, 0, 0, 3, 0, 0, 0]
  [0, 0, 0, 0, 0, 0, 1]
  [0, 0, 0, 0, 0, 0, 1]

def convert_to_one_hot(y, C):
    return np.eye(C)[y.reshape(-1)].T

实现原理：
np.eye(C)是一个行列数为C的单位矩阵，也即只有对角线元素为1（下标(i, i)处）
假设 C = 7
[[1. 0. 0. 0. 0. 0. 0.]
 [0. 1. 0. 0. 0. 0. 0.]
 [0. 0. 1. 0. 0. 0. 0.]
 [0. 0. 0. 1. 0. 0. 0.]
 [0. 0. 0. 0. 1. 0. 0.]
 [0. 0. 0. 0. 0. 1. 0.]
 [0. 0. 0. 0. 0. 0. 1.]]

真正的难点在于：np.eye(C)[y.reshape(-1)]的理解
这里要用到fancy indexing机制。这里用的fancy indexing技术还比较简单，易理解
y.reshape(-1)：是将y中的元素展开成一个一维数组，因为输入的y可能是各种形式，如[0, 1, 3, 6, 6]或[[0, 1, 3, 6, 6]]或[[0], [1], [3], [6], [6]]。y.reshape(-1) 保证其最终结果是：[0, 1, 3, 6, 6]

np.eye(C)是一个二维数组，我们先用符号E表示它，我们知道E[i]是取其第i行
那如果a是一个一维数组，E[a]怎么取元素呢。假设a包含m个元素，那E中将取m行，具体取哪些行要取决于a中的元素的数值。
那np.eye(C)[y.reshape(-1)] 就好理解了，相当于np.eye(C)[[0, 1, 3, 6, 6]], 也就是取出5行，分别是第0行，第1行，第3行，2个第6行。
然后这5行stack到一起组成一个新二维数组，作为result。
[[1. 0. 0. 0. 0. 0. 0.]
 [0. 1. 0. 0. 0. 0. 0.]
 [0. 0. 0. 1. 0. 0. 0.]
 [0. 0. 0. 0. 0. 0. 1.]
 [0. 0. 0. 0. 0. 0. 1.]]
之所以还要转置一下，是因为大多数样本的特征或label以列向量形式存在，而不是行向量，这一步无关紧要。
